# k (MeV)		C(k) (RC=30fm)		C(k) (RC=60fm)		C(k) (RC=90fm)		C(k) (RC=120fm) 	C(k) (RC=150fm)
0.10000000149011612	0.08471116226210626	0.0025056990419208766	0.02572132946715725	0.006758394937117296	0.01606598025565327
1.0	0.08643464771737289	0.006065536284791364	0.022552827901912022	-7.884142596127873e-06	0.012813183428887147
2.0	0.08778846829665216	0.013844810140481546	0.007257224224707839	0.00012173108810683046	0.006656844632752432
3.0	0.0895852796687063	0.02600825452203019	0.0018637561716742094	0.0020179387479743838	0.017010817163048073
4.0	0.09565000163478954	0.043854072563950124	0.007492061767067068	0.013885078181701607	0.00809435998539844
5.0	0.11029684623464497	0.06788296561904211	0.027562816805860597	0.036781810528494635	0.023192969707678514
6.0	0.1349165750684344	0.0970595277010497	0.0679107625723796	0.07228100336617976	0.07403441365507538
7.0	0.16717216203717514	0.13090909844153414	0.12368420901476508	0.1260381520699031	0.12418375250681397
8.0	0.2037531667603089	0.1694526305395315	0.18395129365398627	0.18577047611852318	0.17356728552354048
9.0	0.24342796306999245	0.21387688887562029	0.24379708744087253	0.23483709483942933	0.24180191183265481
10.0	0.2830090256912685	0.2636440113869014	0.29866759014953537	0.2832885690868337	0.29977602639215345
13.0	0.39645480088376756	0.4236834038862164	0.4193597021977343	0.43381338545890663	0.42649705726213283
16.0	0.4919397836429473	0.5228506030548427	0.5288719902596621	0.5270928913652282	0.528295080332143
19.0	0.5663643386288357	0.584662280395895	0.5941722095284614	0.6006371985964363	0.6064275782210751
22.0	0.6254433601449476	0.643210900852843	0.6478290153832251	0.6522300292563417	0.6536027285032944
25.0	0.6710230433048726	0.6818420235201933	0.6822862396670542	0.6828792116406429	0.6841848016450927
28.0	0.7008671725381065	0.6987811364284912	0.7009217781210243	0.7082361980397354	0.7077134739775458
31.0	0.7147492411700704	0.7091330152874818	0.7207967092111591	0.7185880280805541	0.7241806628941471
34.0	0.7178431164125387	0.724027605360388	0.7248292507705438	0.7313849796628474	0.7311293454875885
37.0	0.7164463714344587	0.7311656986300351	0.7336494939224234	0.7326207960953014	0.7336356740118377
40.0	0.7163322520854097	0.7272179616482136	0.7324609886933992	0.7359092784141279	0.7375812969520248
43.0	0.7204543075810074	0.7307590044816267	0.7335324639312879	0.7364312667263936	0.7382243455972787
46.0	0.7268679859545961	0.7342139459718674	0.7337859266771577	0.7326672390194815	0.7339000791281376
49.0	0.7310803337048655	0.7287806178174459	0.7300487856940892	0.7335666962234522	0.7322964986071692
52.0	0.7300055130696643	0.7242832897243786	0.730792862808206	0.7289760746313684	0.7322457776605975
55.0	0.7245549726619257	0.7261327631076779	0.7246038539635136	0.7290794187203179	0.7287505497759668
60.0	0.71544839385012	0.7213140988670982	0.7242443087798838	0.7252035656809703	0.7264163957231752
65.0	0.7165214936413277	0.7217080645938639	0.7233968610616438	0.723530972819884	0.7228711709119392
70.0	0.722137489803091	0.7197607198622794	0.7199192372624701	0.7220830952163453	0.7208710260517074
75.0	0.7220466537983372	0.7211550776099024	0.7205366019818181	0.7229741245491851	0.7219111873360404
80.0	0.7200234643737802	0.7233356139253777	0.7248763017458594	0.7249938061840576	0.7248698223450973
85.0	0.7246503027921618	0.7271128595636782	0.7283184000736018	0.7287640140894052	0.7287764112889886
90.0	0.7339743908410348	0.7331281008882484	0.7322933681718139	0.7339313721982673	0.7333415387466372
95.0	0.7406821068019167	0.7391618074253541	0.7394164864221906	0.7401353978226084	0.7393858250797419
100.0	0.7454255605849209	0.7474089176785458	0.747819208951326	0.747603934582147	0.747353710735269
105.0	0.7537573938466089	0.7550398018303821	0.7557588276876785	0.7559890115844021	0.7560672840099734
110.0	0.7654957455710572	0.7653433506520855	0.7645308916606262	0.7651083791841442	0.7656295473108847
115.0	0.7758480067073191	0.7742418082916014	0.7749344046965878	0.7748288645943749	0.7751030096807706
120.0	0.7842389498935659	0.7854796185477815	0.7853603757742975	0.7850406281138833	0.7852198720599199
125.0	0.7941500637080903	0.7949297509743951	0.7951807750000445	0.795340669286593	0.795687672602818
130.0	0.8061716588047424	0.8063400184048862	0.8056828487594379	0.8058640774418324	0.8062587489161468
135.0	0.8173124298717707	0.815982031540039	0.8167167061779181	0.8162924848056254	0.8167397798502505
140.0	0.8266156767147514	0.8272502917700166	0.827001017470842	0.8267109191107854	0.8268370057088689
145.0	0.8362170035921258	0.8366556540367144	0.836780370469537	0.8370380242263875	0.8370689407414998
150.0	0.846969598033252	0.8473153277435345	0.8468847751414907	0.8470051568010931	0.8472311336990515
155.0	0.8570932292675841	0.856160647449816	0.8567221571262407	0.8565033831686444	0.8568759576047955
160.0	0.8656189633473088	0.865912948813647	0.865626275319306	0.8655978000173573	0.8659201182716886
165.0	0.8738266867617291	0.8740974935852555	0.8742259435832789	0.8742721550349368	0.8745563293320597
170.0	0.8825882678945505	0.8828455952706424	0.8827251016995805	0.8825400484196443	0.8828387282988018
175.0	0.8909025083936574	0.8902671374640326	0.8905765953240314	0.8904115240600607	0.8906870899001638
180.0	0.8979262426575906	0.8979944392649489	0.8977272345212245	0.8978239861218691	0.8980385786777544
185.0	0.9043931937996401	0.904588668753711	0.9046338240873332	0.9047916261633525	0.9048753491251125
190.0	0.9110807210802669	0.9113081480047436	0.9114052030892074	0.911275334797295	0.9112390546050435
195.0	0.9174730879610222	0.9170862357766176	0.9172622488992208	0.9173018290981079	0.9172506385415475
200.0	0.9228872837008562	0.9228520523926075	0.9227726555210327	0.9228791436102016	0.9229027400927357
205.0	0.927710631640004	0.9278687250471578	0.92797258028649	0.9280444833262882	0.9280681051080212
210.0	0.9325885608863921	0.9327627599705104	0.9327959304242762	0.9328120595798928	0.9327492165243345
215.0	0.937298254279882	0.9370857617496193	0.9371316521334621	0.9372177001411726	0.9370955964695018
220.0	0.941308905855512	0.9412076202395985	0.9411332727757334	0.9412743511397657	0.9412340539176169
225.0	0.9447894610842837	0.9449122610185224	0.9449693329007665	0.9450105052037531	0.9450239864010005
230.0	0.9482463969081101	0.9483653859007115	0.9484281595725188	0.948447919534881	0.9484239629146082
235.0	0.9516284425228345	0.951528680889293	0.9514593764545625	0.9515964773736867	0.9515127528270041
240.0	0.954532902643024	0.9544069784380463	0.9543791652712239	0.9544917403910309	0.9543847444732418
245.0	0.956997579333609	0.9571018912539064	0.9571410690454977	0.9571371977285309	0.9570898656219302
250.0	0.959408388539549	0.9594938900620651	0.9595197087893858	0.9595697980765954	0.95954270202904
255.0	0.9618029817002403	0.9617744041042939	0.9617010907380665	0.9617918931909859	0.9617541668679203
260.0	0.963889411146356	0.9637692180505077	0.9638000719614406	0.9638203413154758	0.9637784873742866
265.0	0.9656279176358785	0.9656908090028862	0.9656895092614691	0.9656754519483356	0.9656475585503423
270.0	0.9672952944539246	0.9673430678660866	0.9673757431489979	0.9673752284735908	0.9673750859765754
275.0	0.9689808724074661	0.9689973038595572	0.9689504340784835	0.9689328469410523	0.9689545116424828
280.0	0.9704768572697283	0.9703410700176143	0.9704125737870591	0.9703544665674214	0.9703792748328194
285.0	0.9717043095863669	0.971771992039019	0.9717316835650563	0.9716682532922719	0.9716875360297336
290.0	0.9728542542805986	0.9728849618729789	0.9729303084130838	0.9728642941501263	0.9729031346017308
295.0	0.9740353811443799	0.9740516533684817	0.9740446936256675	0.9739559865273277	0.9740181962370767
300.0	0.9751084164053729	0.975033245108291	0.9750732836392688	0.9749577748430548	0.9750354141534314
305.0	0.9759783735494616	0.9759941315589944	0.9759947320801237	0.9758790622929845	0.9759720927427273
310.0	0.9767705401721605	0.9768189331352448	0.9768309505957249	0.9767306830967549	0.9768245370809997
315.0	0.9775946152959339	0.9776296237819061	0.9776252191235573	0.9775165795700068	0.977603922397114
320.0	0.9783635167820729	0.9783119028650314	0.9783436583307588	0.9782211847052081	0.9783048215102231
325.0	0.9789809075251081	0.9789818092165702	0.9789779271413525	0.9788730361615138	0.9789467639066902
330.0	0.9795224715875264	0.9795558381369633	0.979569875266556	0.9794771836927612	0.9795330896123771
335.0	0.9800903676703545	0.9801099146814536	0.9801187913680451	0.9800323758201335	0.9800626448580712
340.0	0.9806365724942229	0.980581762379801	0.9806072626446241	0.9805389710864898	0.9805466341520543
345.0	0.9810723069841992	0.9810648008672874	0.9810463755764274	0.980999275937886	0.9809945582801278
350.0	0.9814367226429263	0.981440918342988	0.9814550287988207	0.9814171839070747	0.981397879567408
355.0	0.9818186476410925	0.9818440553182133	0.981827196508597	0.9818013547401382	0.9817584627512776
360.0	0.9821981510394515	0.9821662842673375	0.9821510257164678	0.9821521770321645	0.9820917335218842
365.0	0.9824982664947225	0.9824849970256031	0.9824445823462549	0.9824685463510877	0.98239719344539
370.0	0.9827329468741567	0.9827546908273243	0.9827254387610367	0.9827504026727275	0.9826674786315612
375.0	0.982976029454956	0.9829994525052744	0.9829720980631178	0.9830014721553818	0.9829057259309095
380.0	0.9832273525061445	0.9832159084623608	0.9831745078318427	0.9832238338709157	0.9831132118024655
385.0	0.9834238653366121	0.9834030328315798	0.9833703417346248	0.9834181167887877	0.9833066502421178
390.0	0.9835620348324343	0.983575828035944	0.9835624965821209	0.9835868842307162	0.9834946783288354
395.0	0.9837002567070693	0.9837141247775354	0.9837088085565552	0.9837300556920312	0.983655435831462
400.0	0.9838505202122562	0.9838467566253825	0.9838276329240926	0.9838505339640231	0.983782731581147
